81 54 81 60 90 58 90 49 85 49
36 52 45 52 44 42 33 36 32 40 38 45
53 29 62 27 62 43 51 37
48 37 52 35 56 35 53 24 39 27 39 32 48 30
38 46 46 44 49 38 46 35 42 35 38 37
12 37 12 42 26 39 29 33 20 33
56 58 56 50 42 50 47 58
41 27 33 31 30 25 36 19
86 46 90 46 96 49 89 58 83 60 86 54
26 16 32 14 44 20 44 27 29 36 32 30 29 27
71 41 81 51 90 42 81 28 81 35
22 54 40 45 34 39 29 42 21 44
61 57 61 64 67 64 75 60 80 60 80 43 74 46 70 46 70 55
49 52 61 54 65 42 61 38 49 44
47 51 59 53 65 62 59 60 47 60
65 62 59 53 61 47 73 50 76 64 71 64
91 38 92 51 84 49 86 43
69 61 79 56 77 50 72 50 68 48 61 57
67 26 76 29 83 18 83 13 76 13 76 18 69 18 71 24
52 45 58 42 67 45 65 61 56 47
86 40 96 40 100 24 94 21 87 32
68 20 78 25 83 14 77 16 70 12
57 41 66 41 70 53 63 49 57 46
86 59 90 60 94 52 89 42 85 46
48 52 53 47 56 38 46 38 45 46
65 51 82 51 86 61 82 63 75 61 69 63
88 64 96 55 89 48 83 51 75 46 73 50 76 64
67 51 72 42 61 27 58 36 53 41 55 45 53 49 61 54
82 4 93 4 98 9 100 13 94 16 86 14
91 26 97 29 99 37 100 49 89 34
74 46 78 48 83 37 90 51 76 54
62 64 70 55 77 52 85 55 96 60 88 64
94 60 100 57 100 44 93 36 83 55
66 56 71 47 78 49 80 60 73 63
77 40 84 42 88 40 92 41 94 53 84 54
87 17 91 18 97 15 100 21 100 29 89 29
75 41 89 38 86 47 83 55 76 53
98 38 88 57 80 54 78 43
94 32 98 45 78 50 81 42 84 33
89 39 100 39 100 60 93 52
0 6 6 0 24 0 34 5 46 5 46 0 90 0 95 5 100 15 100 57 86 64 43 64 31 60 14 60 6 64 0 64 0 51 4 46 6 39 0 34 3 22 3 12