83 49 91 48 89 43 91 30 83 30
49 51 50 56 49 63 41 58 41 52
73 42 79 46 78 57 73 59 70 55 72 49
18 56 20 64 12 64 12 58
54 60 66 59 66 64 55 64
81 46 85 51 88 62 76 63 75 59 80 57
12 36 15 44 23 51 33 53 31 59 19 55 15 50 9 46 8 41 6 36
27 51 35 47 31 40 24 43
65 53 66 59 62 62 59 51
82 56 90 60 90 64 78 64 78 59
46 52 52 54 58 56 73 56 69 61 55 62 47 58
95 59 98 64 81 64 81 60
45 22 54 20 56 14 45 14
28 12 46 8 42 16
87 31 87 39 84 43 79 43 83 35 74 37 76 31
47 28 54 39 40 45 42 28
92 47 85 50 89 60 100 62 100 55 92 55
72 54 80 44 75 33 68 36 72 43 64 47
53 45 64 49 64 53 70 55 70 60 63 60 57 58 59 52 49 50
71 45 69 54 65 59 68 64 75 64 77 44
66 50 70 39 79 39 76 46 74 55 66 55
98 32 81 36 67 34 64 39 84 43 98 37
94 43 87 41 85 55 90 55 87 62 93 61 96 49 91 48
48 42 55 42 59 50 53 53
51 28 56 27 59 35 54 44 43 40 47 35 53 32
80 37 90 34 89 41 85 41 81 52 75 50 75 46
80 41 89 44 86 53 82 49 77 49 80 45
68 10 50 4 50 0 65 0
67 37 63 48 58 44 61 35
91 43 97 41 98 49 93 50 91 46 84 46 77 35 82 35 86 39
69 30 77 24 89 23 83 28 82 35 72 38
86 45 93 39 84 36 80 47
91 52 86 56 81 55 79 60 73 61 76 49
85 43 83 59 90 60 91 64 77 64 79 44
68 60 79 60 79 52 76 48 71 47 69 52
80 44 88 44 93 43 89 33 82 36 77 40
84 55 84 63 92 60 100 62 100 56 89 54
91 57 83 57 83 49 91 49
40 47 52 51 54 37 37 37
79 41 87 46 75 47 67 53 66 45 73 39
71 60 88 60 95 53 100 54 90 64 72 64
76 54 77 63 71 63 64 62 65 54
85 51 93 56 89 60 78 60 77 51
84 56 92 53 100 55 100 59 95 58 92 61
77 32 83 27 89 21 93 27 84 34
79 39 92 45 86 51 78 46
72 37 78 37 92 51 88 56 84 50 71 44
81 38 91 39 94 46 82 58 75 57 84 50 88 45
81 19 97 24 80 28 73 27
82 19 91 10 98 18 98 24
85 29 88 21 68 21 75 28
80 50 84 54 92 56 100 61 100 50
91 48 98 44 90 42 86 38 83 46 86 53
85 36 92 44 100 44 100 37 92 32
0 0 0 8 14 12 12 29 6 29 8 16 0 16 0 41 8 46 6 52 9 56 3 58 3 64 90 64 100 54 100 37 92 37 92 18 100 18 100 0