50 64 54 54 63 51 76 53 80 60 61 60 61 64
5 53 19 57 28 54 42 47 48 40 44 36 34 45 20 50 5 47
29 50 29 64 39 64 43 54
74 47 84 50 89 60 74 57
79 44 91 51 95 64 88 64 88 60 82 60 78 53 65 51
89 44 99 42 95 58 83 51
14 39 19 49 33 44 33 23 26 23
61 40 67 36 67 36 70 30 77 30 75 47 71 52 61 61
59 27 56 35 52 51 56 64 63 64 58 49 63 34 64 27
78 46 74 51 78 55 88 53 91 45 95 36 84 25 80 29
83 33 76 13 67 13 67 38 77 41
45 11 40 20 62 20 69 32 75 28 72 11
35 16 42 36 48 28 55 28 48 16
74 9 85 9 87 20 80 20 77 26
44 22 67 22 69 30 57 36 50 29 46 33
85 18 91 27 93 38 87 38 82 35 77 35 81 26 77 22
58 49 81 54 88 64 63 64
78 54 90 46 90 37 100 41 100 64 85 64
98 48 82 48 82 44 71 44 63 51 86 56
76 49 76 44 74 37 68 37 63 34 62 41 57 56 65 49
74 41 90 41 90 50 74 50
77 41 88 43 92 38 92 33 75 33
83 1 92 8 96 13 93 16 95 20 93 26 95 31 90 38 100 42 100 1
83 10 89 19 97 15 100 12 96 7 87 0 87 5
76 29 83 28 87 32 91 29 85 20 74 18 70 20
88 44 84 40 77 41 79 52 81 59 87 59
93 37 81 34 80 49 90 49 95 42
95 32 83 29 87 26 95 22 97 26
5 0 0 9 0 64 21 64 21 60 46 60 46 64 100 64 100 0