33 27 34 33 40 37 45 39 51 33 53 27
14 16 24 20 13 33 15 39 7 42 7 34
37 37 37 48 45 48 51 42 45 34
40 47 48 47 50 56 58 58 58 64 44 64 40 56
61 53 74 40 78 49 63 62
94 22 82 22 80 28 74 34 89 40
37 19 18 34 16 28 27 15
53 48 57 57 75 62 93 55 93 47 72 55
79 51 72 58 66 50 85 35 83 45
46 21 57 24 59 44 40 37 44 31
67 34 78 32 90 46 69 54
44 8 54 8 61 27 50 29 39 26
34 58 56 54 79 58 82 64 34 64
65 45 81 41 89 46 86 62 77 63 77 59
57 52 39 47 24 60 32 62 54 58 77 62 85 54 75 45
74 50 66 58 69 64 78 64 86 49 73 36 64 37 64 41
83 49 95 42 100 47 100 64 75 64
78 30 100 33 100 52 88 59 75 46
84 42 84 22 53 22 60 41 76 37
73 34 73 14 100 14 100 30 95 37
0 0 1 6 7 10 0 28 0 56 4 64 100 64 100 47 95 42 95 23 100 16 100 0