0 0 7 0 7 4 3 4 2 2 0 2
0 2 0 8 2 8 4 5 8 5 10 7 12 7 11 5 7 4 3 4 2 2
0 8 0 11 4 11 2 8
2 8 7 9 11 10 11 12 8 12 6 14
7 9 6 5 4 5 2 8
7 9 6 5 8 5 10 7 11 10
10 7 12 7 14 10 13 12 12 15 10 15 8 12 11 12 11 10
7 0 12 0 11 2 7 2
7 2 7 4 11 5 11 2
12 0 11 2 11 3 13 3 14 0
18 0 16 0 15 3 16 5 18 5
15 3 16 0 14 0 13 3 14 7 16 7 16 5
11 3 11 5 12 7 14 10 15 7 14 7 13 3
14 10 15 7 16 7 17 10 15 13 14 15 12 15 13 12
16 7 17 10 18 10 18 5 16 5
4 11 0 11 0 13 3 13 5 15 8 17 10 15 8 12 6 14
0 13 0 18 1 18 2 17 5 15 3 13
1 18 2 17 5 15 5 18
5 15 5 18 10 18 8 17
10 18 8 17 10 15 12 15 12 18
17 10 15 13 16 18 18 18 18 10
12 18 16 18 15 13 14 15 12 15
