16 15 10 14 9 18 15 18
0 0 3 0 4 1 7 1 8 3 2 2 0 2
2 2 4 6 2 7 0 6 0 2
15 0 18 0 18 2 16 4 11 3 12 1 15 1
7 1 9 5 11 3 12 1
6 7 4 6 2 2 8 3 10 7 6 9
0 17 2 17 4 14 12 12 10 14 5 15 3 18 0 18
12 12 10 14 16 15 18 14 18 11 15 12
0 6 0 10 3 11 4 6 2 7
3 11 4 14 0 13 0 10
0 13 0 17 2 17 4 14
4 6 3 11 4 14 8 13 6 9 6 7
8 8 12 12 8 13 6 9
10 7 12 9 15 10 18 8 18 6 15 8 11 6 11 3 9 5
12 9 10 7 8 8 12 12
15 10 12 9 12 12 15 12
18 8 15 10 15 12 18 11
18 6 15 8 16 4 18 2
16 4 11 3 11 6 15 8
0 0 0 18 3 18 5 15 10 14 9 18 15 18 16 15 18 14 18 0 15 0 15 1 4 1 3 0