0 15 4 14 4 17 0 18
4 14 4 17 8 18 7 15
7 15 10 16 11 18 8 18
10 16 13 15 14 18 11 18
13 15 15 12 16 12 16 18 14 18
0 13 5 12 12 14 13 15 10 16 7 15 4 14 0 15
0 11 4 10 5 12 0 13
18 0 13 0 14 6 16 6 16 2 18 2
14 6 13 10 15 12 16 12 16 6
13 10 9 11 12 14 13 15 15 12
4 10 7 11 9 11 12 14 5 12
4 10 6 7 8 8 7 11
8 8 10 8 9 11 7 11
10 8 12 7 13 10 9 11
14 6 11 4 10 6 12 7 13 10
10 6 12 7 10 8 8 8 6 7 4 10 2 8 5 5 8 6
2 8 4 10 0 11 0 7
0 4 3 5 5 4 5 5 2 8 0 7
2 0 3 5 0 4 0 0
6 0 5 4 3 5 2 0
5 4 9 5 10 3 11 4 10 6 8 6 5 5
6 0 8 0 10 3 9 5 5 4
8 0 10 3 11 4 14 6 13 0
0 0 0 18 4 17 8 18 16 18 16 2 18 2 18 0